1000	to_label	0	0	0
1001	undet	255	255	255
1002	linear_misc	0	255	255
1003	surf_misc	255	0	255
1004	scatter_misc	255	255	0
1005	artifact	102	67	2
1100	default_wire	186	186	186
1101	wire_bundle	145	145	145
1102	isolated_wire	219	219	219
1103	utility_pole	109	109	109
1104	crossarm	101	98	117
1105	support_wire	76	69	112
1106	support_pole	55	40	127
1107	lamp_support	25	17	66
1108	transformer	109	105	25
1109	fire_hydrant	206	28	28
1110	post	42	131	186
1111	sign	196	30	58	
1112	pylon	98	32	71
1113	bench	91	68	68
1114	lamp	214	211	139
1115	traffic_lights	84	229	96
1116	traffic_lights_support	62	79	63
1117	garbage	12	0	96
1118	crosswalk_light	66	114	8
1119	parking_meter	49	17	112
1200	load_bearing	53	12	12
1201	cliff	81	62	62
1202	ground	150	132	105
1203	paved_road	209	209	209
1204	trail	132	116	94
1205	curb	71	71	71
1206	walkway	14	20	79
1207	guardrail	255	173	173
1300	foliage	164	209	75
1301	grass	66	244	113
1302	small_trunk	183	112	84
1303	large_trunk	91	61	42
1304	thin_branch	142	121	97
1305	thick_branch	86	73	58
1306	shrub	0	181	12
1400	facade	181	12	71
1401	wall	168	92	6
1402	stairs	36	36	183
1403	door	73	41	1
1404	window	140	255	255
1405	chimney	66	79	79
1406	roof	91	39	7
1407	chainlinkfence	170	170	183
1408	fence	103	103	112
1409	gate	66	56	73
1410	ceiling	190	112	255
1411	facade_ledge	67	79	81
1412	column	29	32	68
1413	mailbox	191	17	17
1500	human	244	205	105
1501	vehicle	244	66	66
1600	rock	119	114	105
1601	concertina_wire	53	43	16